+971551150977
+971555904044
+971508896236
+971543088299
+971507944770
+971557705825
+971504854470
+971563699940
+971569183990
+971521409362
+971569705580
+971552879586
+971551588353
#2444418
+971552150933
+971525614680
+971557589205
+971501500206
#5522900
+971509494449
+971523204609
+971505953486
+971567135011
#65266641
+971502810248
+971565014476
#3327834
+971544674149
+971507057790
+971555102571
+971554625060
+971504880717
#5531376
+971556389500
+971585883572
+971586223113
+971547736656
+971509764534
+971509764534
+971555313784
+971589216080
+971553068237
+971507266572
+971503040449
+971504888147
+971558108985
+971501798010
+971502441996
+971504145430
+971551046025
+971552703237
+971559239699
+971558149605
+971506111620
+971501877171
+971547449019
+971523891061
+971504610144
+971555112249
+971563270786
+971506108310
+971568984129
+971508242986
+971566621521
+971558336266
+971564093467
+971553153002
+971509383845
+971529434007
+971547707161
+971589382058
+971506571215
+971557212123
+971596325802
+971588878681
+971509910888
+971505817505
+971505085659
+971520540236
+971557248984
+971508056963
+971524656877
+971563754084
+971559145727
+971526667731
+971526059151
+971551041749
+971504604125
+971504567862
+971523697870
+971556165623
+971505005640
+971508526061
+971507862631
+971507156482
+971554981515
+971558837097
+971547475860
+971552878909
+971554152328
+971543948087
+971524012825
+971505772916
+971525230020
+971504963232
+971551733796
+971564395043
+971558816197
+971553100787
+971556590615
+971561254698
+971527683803
+971505241988
+971552872883
+971568657196
+971552523082
+971555200735
+971562064864
+971552954426
+971555471388
+971523619702
+971554281372
+971506786372
+971526071837
+971567325639
+971558092001
+971561030414
+971504988104
+971553209619
+971502860916
+971504836468
+971507832872
+971509240133
+971555446995
+971503432447
+971556266502
+971555267717
+971521149922
+971508845961
+971588866289
+971556210399
+971502966169
+971507605212
+971524031835
+971507795611
+971554646415
+971562625517
+971551348088
+971567445620
#7490488
#5720104
+971505888607
#7428797
+971504549802
+971558990197
+971561770009
+971505385858
+971505448639
+971503525399
#7427772
+971552954426
+971555013515
+971504061197
+971564110587
+971507141116
+971509056511
+971526743408
+971501203280
#7466661
#7441775
#7448605
+971562715139
+971561005120
+971566774523
+97156288419
+971555396515
+971501205253
#7474299
+971506344144
+971522304848
+971586126166
+971504457337
#5308057
+971527529767
+971501134766
+971506782757
+971561787273
+971506782757
+971568757097
#7456115
+971586714448
+971567846435
#7443450
#7475268
+9715672722
#7422728
+971508670583
+971503839918
+971507014565
+971582115811
+971523629489
+971524804907
+971556318396
+971566337016
+971582369487
+971567812957
+971559477575
+971508026528
+971524901046
+971552381955
+971544331958
+971509581342
+971523964572
+971506390123
+9715065103251
+971564660618
+971554634464
#7790387
+97156534888
+971564424934
#7461066
+971566535296
+971503608117
+971555506599
+971565095920
+971569637378
+971501899602
+971521868708
+9715682747480
+971587490015
+97153112856
+971568733686
+971506029420
#7468717
+971563798675
#7465889
+971558226617
+971507736218
+971506317528
+971563248794
+971569898098
#743402
+971506353154
#7480071
+971566152165
+971567309273
#7468717
+971505007423
+971552785861
#7443450
+971521526284
+971553788000
+971556355438
+971503285394
+971521151688
+971556744145
+971589037384
+971561469703
+971565405742
+971552336987
+971528868356
+971523656148
+971558003856
+971567568822
+971524033734
+971529868841
+971557980746
+971505470082
+971566608018
+971554809099
+971505601303
#5321611
+971502644138
+971564633901
+971551142282
+971567464605
+971507640543
+971509944081
#5223355
#5223380
+971562082818
+971502427829
+971526270978
+971569602964
+971555545138
#5140135
#2651288
#4190223
+971505175806
+971566672613
#2277391
+97150418970
#2227171
#2049299
#5225593
#3925660
+971527294237
+971554257700
+971526639810
#5511177
#5553311
+971543427392
#0055161
+971521129808
+971543730297
+971506277962
+971555833099
+971562129497
+971504709021
+971523134995
+971527162052
+971551496942
+971557790180
+971501166291
+97152153224
+971561898983
+971569106375
+971553072205
+971557857858
+971508873877
+971501021443
+971544459944
+971562872255
+971505680815
+971528150058
+971551466134
+971505765492
+971552308285
+971544383946
+971562335623
+971561842423
+971569989082
+971561222183
+971 4 429 9999 
+971559782078
+971581703937
+971526998900
+971507352838
+97104 330 5775
+971569115113
+971509251643
+971507198228
+971569711040
+971507198228
+971507198228
+971506918441
+971502342212
+97104 381 8114
+971555690063
+971509793303
+971581280037
+971561029000
+971556789224
+971543245464
+971529070052
#5552372
#0077297
+971556558804
+971506396369
#4231122
#4229435
#5545800
#5548114
#5238600
+971502825244
+971561327771
+971506887350
+971554305712
+971552255414
#7442208
+971502083486
+971508857377
#7312404
#2361882
+971504609220
#6260002
+971504222282
+971556070200
+971557441817
+971581350050
+971521429898
+971502878850
+971508815997
+971503100634
+971503008761
+971508680753
+971566653540
+971564485600
+971544551015
+971505943423
+971505044457
+971524070039
+971586987011
+971564598199
+971556773345
+971553637290
+971507155822
+971551530306
+971551418583
+971504976107
+97158857001
+971552990655
+971528256912
#5275589
+971553584999
+971544866456
+971507291991
+97155686014
+971551461939
+971563077099
+971545223364
+971507467903
+971568699862
+971557743556
+971561137333
+971507369011
+971567657599
+971552215262
+971553370093
+971508880409
+971529939117
+971569017003
+971507919590
+971566751823
+971568989590
+971556843184
+971544660016
+971555756178
+971504633016
+971551229085
+971564918955
+971505095325
+971559650044
+971547878037
+971505956943
+971509133103
+971506878020
+97152507547
+971554096565
+971504400836
+971552584688
+971521675075
+971559805890
+971558769785
#5747670
+971559494555
+971505673013
+971568343763
+971549941502
+971503569315
+971505766385
+971567842659
+971565236696
+971507180673
+971544686901
+971557667128
+971508965026
+971502617780
+971545005764
+971565057209
+971502291980
+971565217028
+971508846192
+971565057209
+971558938700
+971565403915
+971588615092
+971569959622
+971552988452
+971506566525
+971559751452
+971508983890
+971505959239
+971551359037
+971565266962
+971547366771
+971526580207
+971553104089
+971504853300
+971524671600
+971506255005
+971552908577
+971561770475
+971564067299
+971558888328
+971581409009
+971568466624
+971505012506
+971509783523
+971505996990
+971502842640
+971503619252
+971505848641
+971504609220
+971506529270
+971588859090
+971568850154
+971521286862
+971547001674
+971555993908
+971553210011
+971525679955
+971582831003
+971522929306
+971503806700
+971507535030
+971509848400
+971557585733
+971559934144
+971551773991
+971558043131
+971506910146
+97150696816
+971567414846
+971551385267
+971505480555
+971562239812
+971503057551
+971503882726
+971503740052
+971562705677
+971521600509
+971552960603
+97156160664
+971581504488
+97154526121
+971563228000
+971501503324
+971567665737
+971559762422
#7468424
+971555464694
+971545857956
+971564419808
+971567365495
+971544524581
+971508246789
+971506464085
+971552670925
+971556100709
+971529732424
#7464002
+971509503299
+971525127755
+971563888426
+971563888426
+971503060633
+971567060422
+971554015584
+971507677302
+971558429933
+971567124653
+971555575738
+971555644203
+971501936975
+971563220110
+971506613075
+971567770741
#5683755
+971555532570
#5688574
#5680105
#5696284
#5506006
+971505698587
+971506544509
+97156897343
+971551483355
+971567070609
+971507467933
+971505398872
+971506265487
+971503687797
+971506215361
+971509424555
+971522526252
+971506265487
+971506513961
+971544252443
+971507924676
+971509128855
+971506939651
+971559360203
#5530400
#5655946
+971588433884
+971529193771
+971506366152
+971582380139
+971582419610
#5618632
+971505052116
+971503601703
+971569951780
#5652174
+971522940687
+971559648858
+971557979369
+971503453245
+971556636671
#5684815
+971528282312
+971555587440
+971509422296
+971505270934
+971554656908
+971554471447
+971507165542
+971504756795
+97155787748
+971549957851
+971506589463
#5693177
+971554565572
+971554211023
#476649494
+971504837865
+971581219541
#5502456
+971507865980
#5687656
+971504365656
+971557756715
+971586106900
+971504067474
+971553435676
+971526250753
+971522567814
+971551253716
+971509469318
+971559653555
+971552244916
+971588989865
+971566682124
+971566001174
+971552320364
+971507092991
+971563628947
+971526388308
+971559971150
+971563397518
+971559464329
+971503601703
+971524391082
+971559235522
+971558459659
+971557863561
+971589415641
+971524978636
+971501627828
+971569113437
#5336711
+971506048886
+971563692234
+971507994017
+971503080283
+971555188355
+971508955454
#5464446
+971569889924
+971504258772
+971508432363
#5680306
+971557799744
+971508432363
+971567863207
+971506965199
#5330550
+971559314448
+971506900411
+97155408800
+971502104477
+971522101554
+971556173300
+971553172040
+971559554080
+971552698159
+971504778697
+971568585823
+971557775117
+971547393766
+971563711000
+971556070706
+971556070706
#5252264
+971554088800
+971524710001
+971507751708
+971559015265
+971527431634
+971545283556
+971508838794
+971551406352
+971501151786
+971543045916
+971508893414
+971526544066
+971554400283
+971559303032
+971567645276
+971556765384
+971505969741
+971521143843
+971563560079
+971557906948
+971507349188
+971585923325
+971566070469
+971543045916
+971508342805
+971561118043
+971544289459
+971565334949
#8646494
#13479754
#3477609
+971507633135
#3396244
+971557126596
+971559026081
+971561756611
#3368857
+971556101918
+971557365603
+971558487096
+971525935762
+971506608172
+971529682438
+971554551575
+971551830545
+971501509324
#3687269
+971556877356
+971567733550
+971506118928
+971561868777
+971545149080
+971503591779
+971524065860
+971566445050
+971508866942
+971504668300
+971553386123
+971556444495
+971559815643
+971509263193
+971509190888
+971523199764
#ERROR!
+97156305500
#2337774
+971529314227
+971568823547
+971559494395
#2222840
+971508484642
+971554955180
+971504233557
+971509460008
+971508425363
#2976633
#2211638
#2616963
+971582059247
#2631414
#2630342
+971509588240
#2639307
#2222281
+971563738833
+971555627370
+971567461540
+97155290622
#3880089
+971568608155
#2636216
+971506857268
+971508746071
#2511514
+971506608472
#3947276
+971547046358
#3320050
+971566555571
#4486401
+971557973287
#3807137
+971559387936
+971565491441
+971589993624
+971556939844
+971555354747
#3214903
+971503646884
#3945693
#3943336
#4317668
#2765565
+971506608172
#3330933
#2965811
+971558355444
+971506608172
#2508001
#5477728
#3254555
+971506608172
+971506608172
#3267614
+971506608172
+971506608172
+971568489982
#2406470
+971506608172
#4243013
+971506608172
+971527774036
+971551440718
+971506608172
+971569903772
+971553747461
+971544320741
#3965439
+971506608472
+971508766395
+971565701986
+971506608172
+971505383155
+971568656577
+971524168059
#3988818
+971557960076
+971506608172
+971506608172
+971567757588
#563528828
+971507377712
+971509461944
+971557210151
#5592444
+971506608172
+971503643003
+971506087371
+971506608172
+971506608172
+971506608172
+971555822929
+971568983500
+971544018886
+971559444311
+971506608172
+971504807883
+971567730044
+971508047130
+971509461944
+971557777368
+971547223462
#8525752
#2213399
+971547223462
+971561269773
+971506283992
#2211216
+971568500866
+971558834320
+971526624888
+971502706676
+971502706676
+971527151333
#3212990
+971528545555
+971503428870
+971505875990
+971509530033
+971504997394
+971524969533
+971555306590
+971555255662
+971553355679
#2277774
+971553212366
#7481699
+971505993301
+971528999708
+971523232686
#5535101
+971556696155
+971544502502
+971525552222
+971561177933
+971526111107
#2415558
#2881949
+971551567637
+971501415900
+971505313148
+971522931111
+971544774748
+971504528778
+971525552222
#3335050
+971509192594
+97150747924
+971543811180
+971501185490
+971506396367
+97152339786
#2737115
#2210160
+971559027040
+971503602299
+971506349019
+971506101866
+971506963560
+971559488552
#5520365
+971506963560
+971543085666
+971565453266
+971502285475
+971507255990
+971526246117
+971553983983
+971569420506
#2382088
+971501199711
+971521054778
+971502732722
#3926162
#3394464
+971543102462
+971555360161
+971563948024
+971507998386
+971509209308
+971555545190
+971543000552
+971523646504
+971553983983
+971545654190
#4526668
+971561119879
#5599808
+971527166716
#3419103
+971506007790
+971505246969
#3575751
#7448855
#7477575
+971556649899
#4542082
#6653331
#4473445
+971565055212
+971502744104
+971525951980
+971567737881
+971565497635
+971559695965
+971526470242
+971507417579
#2613025
#2633258
+971524001357
#2666196
+971529370060
#2345366
#2870807
#2828290
#3963634
#2636284
#3209932
#3860603
+971557325435
#3339898
+971547628496
+971553863062
#2851109
#2851109
+971501722111
+971566171718
+971521466699
#3996665
#2298898
+971561230006
+971544222720
#5508366
#2765045
#4256670
+971557744252
#4256060
+971557755355
+971547223462
#2767358
#3214606
+971507647521
+971503465855
+971555538601
#2545335
#2612117
+971504585533
#2514098
+97155972490
#2803399
+971565464981
+971557101419
#3986218
+971566790737
#3983311
+971563388820
#3800777
#3479330
#2695828
#3430031
#3883737
#3855959
+971555015780
#5136452
+971502708002
#2588866
+971557958974
#5455572
#2880965
#3797732
#4401220
#3927410
+971544404658
+971544559564
+971505823101
+971505467704
#2325552
+971509036663
+971521203636
#5356666
+971551108330
+971502277439
+971505230057
+971523791144
+971501133912
+971501185785
#3446790
#3544899
+971502803026
+971528145451
+971501298966
+971556020556
#3862386
#5599866
+971504104163
+971507578098
+971556326529
+971556327299
+971502245233
+971557799744
#5536545
#03448738
+971508231491
+971507469471
+971564012130
+971555049153
#03791122
+971555581623
+971588167009
+971524012727
+971507445003
+971503200454
+971502110121
+971558043816
+971507612157
+971557789280
+971554399438
+971526156678
+971508213287
+971507380518
#3445893
+971551924214
+971559173757
+971552995562
#3445805
#3496090
+971553139992
+971507148004
+971543085769
+971523423110
+971556147510
+971506759172
+971524634986
+971544409712
+971565243000
+971521988886
+971501169653
+971506263259
#5599846
#7410075
#3587957
+971545801305
+971504677995
+971556273388
+971563662421
+971506854153
+971522339390
+971506785027
#3499983
#3497449
+971509906907
+971507068175
#5509441
+971558884239
#5553063
#5535280
#5314666
+971551875525
#5537753
#5508890
#3441257
+971507785690
+971507856777
+971523477725
#5742255
+971562157565
+971569512102
#5725860
+971522895297
+971544011059
+971508933101
+971507557767
+971553597899
+971507281920
+971504774998
+971504677100
#5728530
+971557078421
+971507879589
#5723612
#5734399
+971509982839
+971551566005
+971509982839
#5724923
+971553172040
#5444942
#5590115
#5533929
#5595981
+971505791911
+971565939923
#2149555
+971553990253
+971527831010
+971524435951
+971504257190
+971509988762
+971567055227
+971504961710
#3440679
+971506309552
#5747228
+971563181827
+971505693757
+971507272608
+971504786527
+971506264592
#5550424
+971507879589
+971506463119
+971553395959
+971503097313
#5726867
+971561408210
+971563328777
+971555431984
+971553774372
+971555216864
+971555577183
#4341781
+971508868277
+971556360547
#5693672
+971528838919
+971586606320
+971566348939
+971501502551
+971501828662
+971528699438
#4341782
+971529750910
#4310820
#4310815
+971551585885
+971558674861
+971529449845
+971543401246
+971559140186
+971568999139
+971582002045
+971582186292
+971586501344
+971556132301
+971588973193
+971547120935
+971565479709
+971508707867
+971568594999
+971503647460
#3687269
#4273188
+971501828590
+971567165230
#4273179
+971564046072
+971524186286
+971523666868
+971526085771
+971505977783
+971509578647
+971525402759
+971553250819
+971556576929
+971581179655
+971582332341
+971506806428
+971569680842
+971552561588
+971509873872
+971551245290
+971556328819
+971564157678
+971564031500
+971508976198
+971528987167
#4487050
#2661712
+971588609519
#2428382
+971544551259
+971556961684
#3687782
+971555093132
+971527719084
+971555366552
+971528388379
+971504231160
+971567459520
#3687185
+971529221056
+971568080842
#2511915
+971527301919
+971523215488
#4357338
+971508766467
+971524411725
+971526988661
+971509691866
+971509691866
+971556733845
+971504610962
+971556100937
+971555521928
+971504987388
+971555882150
+971556514771
+971551716700
+971562409976
+971582800244
+971508898193
+971526651063
+971557728027
+971503647460
#4270872
+971509558130
#4243015
+971524832291
+971505716763
+971528700323
+971569682626
+971507201168
#5720222
+971527360999
+971506865769
#5547256
+971556943101
+971526675687
+971506201942
+971551921895
+971556918118
+971522405777
+971502370732
#4340397
+971522988562
+971502422619
+971508766467
+971565614584
+971554190477
+971554190477
+971505024083
+971504715577
+971528832588
+971551208613
+971508766467
+971501366538
+971562277646
+971523061741
+971567495904
+971529208355
+971501576332
+971564645695
+971554832481
+971543081334
+971563633326
+971552498110
+971557328666
+971551861615
+971556606988
+971558010803
+971564580477
+971509286880
+971501369375
+971528370772
+971557814808
+971558153430
+971565909258
+971554811975
+971555018620
+971503760768
+971528595222
+971524691110
+971507148286
+971501096365
#5140417
+971559993546
+971521023980
+971568166511
+971559687914
+971509378607
+971554859065
+971555956588
+971555956588
+971552831869
+971548652384
+971526164239
+971501904265
+971553972168
+971553618262
+971522307501
+971553618262
+971567599868
+971568763372
+971553176358
+971528351668
+971503268388
+971558152452
+971508766406
+971559596888
+971553162970
+971559253115
+971501440953
+971553272785
+971553050677
+971567166209
+971529188778
+971547301555
+971501472192
+971545041493
+971562524314
+971564084164
+971501828680
#4245881
+971522437998
+971525100495
+971559849691
+971505707301
+971582722407
#3687260
+97150*******
+971551315501
+971556396942
+971528762584
+971554094665
+971527308666
+971551245290
+971521189988
+971564157678
#3687123
+971501828358
#2424701
+971563765888
+971504610962
+971556253286
#5654123
+971553067123
+971502050057
+971508866308
+971585854348
+971528351668
+971552831869
+971526479059
+971553539261
+971547317514
+971565343659
+971564020636
+971505048608
+971561821888
+971502590456
+971561030630
+971569486357
+971508513585
+971556969895
+971582512471
+971527328666
+971564119150
+971545188688
+971555214639
+971507036179
#3687701
+971559138863
+971557262138
+971543242427
#4380595
+971501755975
#4273244
+971553313961
+971553313961
+971562967560
+971509804591
#3686859
+971509419364
+971566675025
+971552107033
+971581266872
+971525039219
+971559380082
#4245881
+971559971856
+971555345597
+971553457998
+971527471218
+971563878890
+971505271122
+971551996588
+971556450647
+971522900168
+971553394254
#3687427
+971503587501
+971589546737
+971527132748
+971522914623
+971556868402
+971523270106
+971559825425
+971522914668
+971529852998
+971502697692
+971582598188
+971523733924
+971567495904
+97152641478
+971566589132
+971505011370
+971527301888
+971569631645
+971558964404
+971566028886
+971523716695
+971545377442
+971528202199
+971559657768
+971558260942
+971558992907
+971552525893
+971503756157
+971508432308
+971528814680
+971502406115
#3687433
+971544998047
+971525147776
+971552934498
+971555268861
+971581439969
+971508899016
+971528289687
+971559934679
+971581179655
+971566691326
+971508442875
+971585657623
+971551067920
+971553176712
+971521608985
+971581268955
+971527629555
+971552771313
+971582425695
+971526799439
+971523059537
+971529651888
+971555069207
+971503098859
+971561615885
+971553162988
+971544917007
+971522272027
+971556253283
+971558602909
+971508766467
#3687047
+971507255360
+971565110731
+971564182666
+971524383418
+971521565627
+971523733923
+971559698688
+971551651451
+971529784092
+971503268388
+971582429047
+971552929598
+971523513008
+971523513008
+971555403922
#3687136
+971553618262
+971526479059
+971559128845
+971545338868
#4340397
#4340397
+971509970638
+971569098214
+971545333816
+971589997965
+971508789252
+971559210430
+971559296888
+971581679088
+971508866459
+971551208613
+971506726829
+971507241300
+971553971157
+971569357238
#3687059
#4431995
+971524947652
#4340397
#3687120
+971501455194
#5646619
+971509606211
+971559309945
+971553976060
+971526954341
+971553386123
+971569302113
#3687762
+971509190888
+971559373888
#3687432
+971507039331
+971562149941
#4456973
+971528013766
+971508874287
+971567430988
+971503996948
+971551042132
#3687368
+971561615885
+971504720053
+971528448956
+971551195782
+971508868201
+971502590456
+971545879619
+971566255688
+971523534662
+971524337588
+971522178379
+971582833189
+971527922927
+971501828713
+971552765068
+971554359017
+971521519988
+971507382984
+971527102685
#4418246
#3687387
#3687020
+971502738552
+971509239178
+971529824356
+971556632993
+971525641615
+971503762930
+971508766328
#3687410
+971564676561
+971526137673
#3687027
#4340397
#4274087
#2775466
+971589269034
+971564156017
+971558619555
+971544859427
+971507149452
+971508920764
#3687114
+971529765694
+971503940938
+971507149452
+971522416195
+971558771033
+971568874712
#4393739
+971562277646
+971544527269
+971553328574
+971506773592
#3889966
+971556495956
+971556848121
+971554345935
+97150368639
+971522431383
+971569141883
+971547165659
+971558842084
+971528897786
+971552142156
+971523975685
+971529327888
+971506488388
+971528356070
+971544471695
+971547422953
+971522601446
+971523656148
+971554435518
+971545465593
+971582833083
+971588495588
+971553871767
+971553131960
+971562378609
+971568786338
+971558717528
+971555108148
+971555721828
+971508712058
+971559246173
+971553119564
+971501443458
+971563843172
+971557261699
+971508838253
+971508149179
+971588732198
+971562993214
+971563572292
#3687027
+971544258019
+971565650305
+971557380098
#2959613
+971564823358
+971547242333
+971503515735
+971558356870
+971565340410
+971553147522
+971564563789
+971502820391
+971553810736
+971528522029
+971527812021
+971527023369
+971507234058
+971568965758
+971509894653
+971544432192
+971569660964
+971527829150
+971567254270
+971509894653
+971554059195
+971554059155
+971554059192
+971561000940
+971508551276
+971544088502
+971506425257
+971552774868
+971527812021
+971524186286
+971547486046
+971563892393
#89898989
#32323232
+971547486046
#34567890
+971505050505

